0 342 326 42 42
0 302 176 114 114
0 172 252 100 100
0 225 510 54 54
1 850 389 52 52
1 500 537 58 58
4 676 180 106 106
5 786 130 171 171
5 168 128 204 204
5 437 220 125 125
6 473 257 94 94
7 124 33 93 93
8 279 257 213 213
8 392 500 91 91
9 382 171 297 297
10 219 231 86 86
10 636 200 95 95
12 478 347 186 186
13 775 570 61 61
13 588 116 154 154
15 664 276 61 61
15 247 109 255 255
15 154 240 73 73
16 563 192 139 139
17 181 153 231 231
20 451 402 58 58
21 513 413 57 57
21 618 436 62 62
22 556 131 172 172
23 164 275 508 508
24 580 728 70 70
24 111 112 128 128
24 247 437 297 297
25 438 186 114 114
25 127 309 107 107
28 446 214 118 118
28 743 225 155 155
29 499 289 120 120
31 434 72 160 160
34 574 451 67 67
34 341 125 166 166
34 149 155 149 149
35 339 102 137 137
36 64 143 536 536
37 306 377 65 65
37 421 744 56 56
38 574 309 101 101
39 123 49 48 48
39 302 91 320 320
40 285 89 104 104
44 472 106 74 74
44 357 96 72 72
46 226 626 148 148
47 320 333 101 101
47 676 377 102 102
49 313 525 38 38
49 236 507 43 43
49 28 370 56 56
49 63 81 76 76
49 454 112 90 90
49 5 605 73 73
49 230 671 152 152
51 646 164 78 78
51 570 265 72 72
52 675 444 75 75
53 553 58 131 131
53 270 98 148 148
54 415 96 129 129
54 578 125 140 140
56 135 240 108 108
57 264 124 42 42
57 497 135 99 99
57 291 453 95 95
58 239 247 52 52
58 490 255 68 68
59 118 181 263 263
60 637 100 136 136
60 249 192 122 122
60 469 196 112 112
60 669 208 121 121
61 624 214 53 53
62 349 213 155 155
64 32 96 576 576
65 800 498 52 52
65 262 199 204 204
65 670 116 222 222
66 456 176 82 82
67 391 62 128 128
67 542 228 178 178
67 122 254 136 136
69 291 169 211 211
70 514 276 61 61
70 519 342 58 58
71 186 128 108 108
71 94 156 108 108
73 329 493 92 92
74 388 143 160 160
74 335 492 78 78
75 535 97 46 46
75 693 267 53 53
75 863 648 60 60
76 411 243 212 212
76 658 574 110 110
76 649 328 210 210
76 219 291 196 196
78 701 154 129 129
78 529 95 104 104
78 267 180 129 129
78 151 179 140 140
78 874 568 93 93
78 417 221 104 104
79 385 363 71 71
80 511 112 65 65
80 447 311 132 132
82 113 173 52 52
82 3 445 55 55
82 126 337 115 115
84 86 699 61 61
84 299 413 104 104
84 462 288 151 151
84 450 773 218 218
86 572 187 80 80
86 596 298 100 100
86 174 309 109 109
88 902 329 36 36
89 230 152 178 178
90 132 149 172 172
91 716 412 51 51
91 492 151 113 113
91 721 57 107 107
91 582 252 103 103
91 169 82 101 101
92 476 226 179 179
92 416 256 105 105
93 80 281 41 41
93 454 351 57 57
93 515 364 51 51
93 298 466 57 57
93 460 516 58 58
93 281 464 57 57
94 936 829 54 54
94 268 519 123 123
95 433 264 55 55
95 134 288 74 74
95 736 269 72 72
97 118 189 56 56
97 297 72 181 181
97 287 312 54 54
98 530 390 38 38
98 328 277 68 68
99 540 257 77 77
99 429 226 75 75
99 667 355 61 61
99 169 196 84 84
100 864 340 51 51
101 590 79 62 62
101 342 279 116 116
103 414 235 164 164
103 533 314 125 125
104 486 273 142 142
105 484 271 207 207
106 336 288 62 62
106 199 228 69 69
106 712 588 58 58
106 613 491 76 76
106 492 552 124 124
107 414 94 117 117
108 241 834 61 61
109 335 66 65 65
109 704 363 136 136
111 577 619 51 51
111 367 575 41 41
112 368 363 51 51
112 754 540 78 78
112 178 281 87 87
114 22 139 91 91
115 134 182 77 77
115 661 454 65 65
115 194 567 78 78
115 772 220 78 78
116 434 77 83 83
116 943 147 67 67
116 132 183 109 109
116 816 151 104 104
117 504 281 60 60
117 450 277 66 66
118 220 335 283 283
118 658 893 94 94
119 488 70 164 164
119 90 374 79 79
119 285 883 67 67
121 122 178 57 57
121 365 198 55 55
121 488 216 59 59
121 229 180 57 57
121 699 322 64 64
122 38 145 34 34
122 341 241 50 50
122 517 237 50 50
122 727 268 57 57
122 193 244 66 66
122 425 358 58 58
122 795 253 72 72
122 109 238 96 96
123 294 93 154 154
123 292 341 134 134
124 485 530 124 124
125 629 520 36 36
125 498 392 52 52
126 188 616 36 36
126 506 230 69 69
126 346 72 173 173
126 471 98 144 144
127 453 843 90 90
127 210 161 246 246
